565 467 oak 909 467 oak 406 416 oak 135 519 oak 78 230 oak -0 0 melee-150 255 150
1071 164 oak 658 151 oak 276 114 oak -0 0 melee-150 255 150
938 331 oak 853 134 oak 623 283 oak 269 89 oak -0 0 melee-150 255 150
307 330 oak 160 123 oak 1002 327 oak -0 0 melee-150 255 150
75 341 oak 564 527 oak 307 214 oak 999 503 oak -0 0 melee-150 255 150
323 151 oak 389 275 oak -0 0 melee-150 255 150
971 543 oak 788 117 oak 152 74 oak 97 383 oak 287 106 oak -0 0 melee-150 255 150
1034 470 oak 700 505 oak 745 279 oak -0 0 melee-150 255 150
81 235 oak 359 101 oak 236 472 oak 926 526 oak -0 0 melee-150 255 150
751 245 oak 798 398 oak 981 115 oak 54 534 oak 174 232 oak -0 0 melee-150 255 150
752 139 oak 668 251 oak 151 508 oak -0 0 melee-150 255 150
1072 494 oak 60 211 oak 1090 171 oak 679 112 oak 191 219 oak -0 0 melee-150 255 150
744 380 oak 822 289 oak 190 517 oak -0 0 melee-150 255 150
290 548 oak 325 262 oak 994 485 oak 689 210 oak -0 0 melee-150 255 150
188 209 oak 332 346 oak 724 229 oak -0 0 melee-150 255 150